&SOPT
  nsrf =          300
  lesp =    4.0000000000000001E-003
  tesp =    2.5200000000000000E-004
  radi =    15.000000000000000     
  nwke =           50
  fdst =    1.0000000000000000     
  fwkl =    1.0000000000000000     
  fwki =    10.000000000000000     
/
&VOPT
  name = 'naca0012'
  jmax =          100
  slvr = 'HYPR'
  topo = 'OGRD'
  ypls =   0.90000000000000002     
  recd =    2000000.0000000000     
  cfrc =   0.50000000000000000     
  stp1 =         1000
  stp2 =           20
  nrmt =            1
  nrmb =            1
  alfa =    1.0000000000000000     
  epsi =    15.000000000000000     
  epse =    0.0000000000000000     
  funi =   0.20000000000000001     
  asmt =           20
/
&OOPT
  gdim =            2
  npln =            2
  dpln =    1.0000000000000000     
  f3dm =  F
/
